794041
790167
779917
747343
715657
711859
704694
689000
683510
682578
677351
676071
668638
668608
668604
668544
667049
658223
636117
618657
617938
611430
596312
594565
593208
588067
586191
573244
564194
559763
553920
553407
545591
545510
545457
545434
545320
545308
545287
545268
545225
545175
545172
545156
545145
545127
545075
545006
544986
544975
544918
544872
544869
544859
544840
544834
544773
544766
544765
544707
544698
544697
544663
544660
544630
544617
544608
544586
544580
544526
544508
544477
544421
544408
544389
544339
544333
544326
544314
544253
544231
544180
544116
544091
544068
544041
543980
543867
543831
543770
543720
543705
543659
543631
543559
543543
543540
543488
543432
543370
543324
543304
543301
543269
543156
543108
543012
542988
542853
542823
542798
542758
542720
542708
542698
542629
542625
542618
542615
542574
542552
542545
542527
542509
542500
542470
542439
542404
542348
542313
542282
542270
542254
542233
542230
542156
542126
542104
542081
542062
542056
541988
541982
541958
541928
541900
541876
541841
541821
541775
541720
541714
541699
541656
541633
541456
541453
541444
541440
541334
541266
541247
541241
541011
540978
540914
540823
540759
540743
540721
540620
540606
540591
540589
540549
540546
540380
540280
540058
540012
540009
539960
539886
539831
539818
539787
539775
539766
539736
539733
539732
539725
539611
539592
539588
539569
539534
539451
539428
539425
539422
539398
539385
539382
539279
539252
539249
539210
539156
539102
539088
539047
539034
539028
538991
538988
538968
538950
538914
538854
538850
538841
538798
538664
538660
538598
538582
538547
538519
538508
538474
538448
538436
538363
538327
538264
538096
537999
537985
537976
537896
537893
537857
537775
537739
537736
537732
537720
537700
537690
537455
537404
537319
537309
537266
537169
537102
537086
537077
537035
537019
536976
536972
536963
536957
536875
536840
536811
536788
536227
536223
536086
536064
536032
535880
535874
535814
535780
535632
535620
535550
535534
535528
535400
535335
535308
535181
535161
535150
535099
535015
534945
534929
534866
534848
534833
534827
534760
534731
534635
534398
534381
534338
534296
534267
534147
534141
534122
534101
534095
534067
533982
533923
533910
533903
533879
533876
533835
533774
533758
533747
533692
533685
533682
533679
533641
533632
533578
533544
533489
533433
533397
533382
533349
533333
533317
533287
533232
533212
533191
533175
533096
532987
532897
532885
532790
532781
532767
532764
532746
532689
532588
532585
532529
532398
532345
532336
532332
532301
532293
532290
532284
532281
532267
532238
532208
532176
532156
532111
532024
531995
531948
531919
531891
531887
531860
531842
531774
531761
531685
531654
531648
531626
531613
531555
531549
531502
531495
531396
531375
531365
531362
531310
531297
531294
531233
531223
531199
531195
531174
531165
531134
531073
531035
531019
531013
530979
530933
530906
530894
530867
530850
530768
530765
530663
530628
530583
530558
530524
530515
530499
530473
530445
530435
530385
530353
530350
530341
530298
530246
530173
530141
530118
530114
530109
530103
530088
530071
530055
529991
529981
529939
529877
529831
529823
529815
529689
529629
529596
529582
529563
529550
529385
529376
529370
529161
529158
528996
528952
528875
528867
528860
528762
528640
528634
528597
528591
528510
528481
528432
528330
528243
528224
528202
528155
528003
527991
527980
527948
527927
527918
527902
527854
527851
527806
527792
527776
527721
527268
527265
527235
527191
527172
527042
527019
526969
526968
526846
526839
526823
526813
526810
526809
526784
526691
526617
526578
526575
526568
526544
526515
526378
526317
526301
526286
526271
526265
526138
526101
526061
526025
526022
525947
525919
525893
525863
525839
525818
525814
525774
525764
525761
525748
525739
525704
525617
525562
525464
525342
525308
525297
525271
525168
525159
525154
525148
525132
525097
525093
525062
524982
524850
524825
524813
524770
524767
524615
524591
524585
524578
524538
524512
524490
524466
524464
524341
524253
524187
524181
524157
524107
524041
524038
524012
523999
523977
523930
523905
523899
523874
523840
523815
523804
523722
523564
523560
523551
523373
523362
523356
523322
523319
523277
523236
523188
523170
523145
523136
523070
523046
523039
522971
522853
522751
522747
522744
522671
522636
522633
522574
522571
522553
522513
522477
522439
522382
522379
522360
522341
522297
522249
522062
521937
521843
521752
521751
521700
521657
521618
521602
521412
521250
521124
520918
520861
520744
520738
520703
520650
520539
520489
520480
520437
520434
520428
520425
520394
520330
520246
520152
519977
519943
519909
519906
519903
519820
519781
519758
519720
519713
519687
519676
519610
519591
519581
519578
519552
519517
519425
519419
519399
519264
519227
519203
519145
519139
519125
519093
519070
519058
519040
518997
518994
518987
518944
518875
518729
518686
518468
518326
518229
518198
518113
518089
518021
518001
517978
517938
517926
517922
517900
517840
517837
517788
517748
517727
517704
517601
517567
517486
517465
517437
517385
517359
517334
517319
517272
517214
517208
517143
517037
517008
516956
516947
516944
516889
516870
516855
516807
516804
516794
516789
516782
516773
516705
516674
516582
516404
516397
516376
516332
516319
516245
516242
516141
515884
515848
515770
515767
515758
515734
515564
515537
515520
515506
515497
515344
515336
515301
515132
515113
515034
514988
514976
514947
514892
514888
514866
514786
514724
514715
514581
514524
514514
514382
514308
514287
514233
514227
514216
514161
514140
514059
513969
513935
513927
513904
513891
513789
513783
513776
513707
513653
513555
513497
513449
513442
513318
513297
513269
513260
513240
513220
513121
513098
513055
513023
513019
512956
512947
512912
512801
512770
512602
512596
512444
512441
512438
512435
512432
512429
512357
512336
512247
512182
512176
512138
512128
512118
512111
512048
511888
511880
511855
511847
511766
511711
511699
511622
511573
511532
511497
511406
511397
511384
511378
511338
511298
511257
511230
511204
511102
510959
510956
510886
510845
510809
510756
510753
510698
510660
510657
510644
510603
510534
510512
510492
510481
510459
510378
510367
510222
510196
510115
510102
510085
510078
510060
509958
509939
509854
509850
509847
509841
509731
509728
509708
509694
509650
509627
509579
509576
509564
509525
509504
509501
509498
509486
509473
509435
509431
509406
509352
509309
509295
509264
509257
509231
509217
509210
509183
509168
509153
509059
508968
508907
508883
508857
508820
508790
508732
508714
508699
508626
508623
508606
508597
508494
508403
508319
508316
508265
508245
508207
508173
508158
508141
508126
508120
508114
508099
508096
508083
508011
507935
507916
507867
507854
507825
507819
507788
507785
507773
507668
507404
507392
507372
507361
507352
507349
507346
507343
507340
507337
507334
507331
507328
507325
507301
507260
507257
507148
507038
506981
506968
506896
506875
506869
506858
506849
506794
506773
506746
506722
506713
506712
506690
506687
506656
506653
506647
506627
506594
506549
506546
506515
506512
506493
506481
506463
506455
506452
506449
506385
506348
506322
506313
506298
506230
506209
506206
506203
506200
506197
506194
506173
506170
506133
506127
506111
506108
506101
506092
506083
506023
506019
506007
505912
505905
505902
505862
505845
505814
505789
505773
505759
505747
505741
505550
505316
505300
505297
505294
505224
505207
505175
505165
505153
505130
505109
505075
505053
505017
505008
504934
504910
504895
504833
504794
504784
504765
504734
504722
504713
504712
504690
504684
504671
504593
504573
504561
504558
504478
504472
504466
504424
504406
504393
504365
504362
504356
504346
504297
504294
504263
504211
504191
504172
504153
504134
504131
504124
504123
504117
504114
504106
504047
504040
504018
503998
503995
503992
503989
503986
503983
503980
503977
503974
503971
503946
503865
503840
503807
503804
503801
503791
503769
503691
503647
503641
503589
503582
503570
503567
503554
503531
503507
503503
503468
503458
503449
503418
503369
503363
503328
503248
503241
503235
503225
503010
502951
502936
502904
502901
502895
502889
502872
502852
502758
502746
502719
502712
502700
502664
502617
502538
502513
502510
502506
502497
502494
502463
502449
502421
502365
502359
502313
502295
502277
502260
502254
502251
502209
502202
502192
502155
502119
502102
502027
502015
501985
501969
501957
501936
501922
501906
501863
501860
501848
501820
501819
501774
501770
501719
501715
501712
501690
501680
501657
501561
501537
501534
501497
501442
501436
501433
501397
501315
501288
501255
501240
501146
501118
501105
500923
500920
500703
500673
500639
500618
500603
500590
500489
500458
500389
500349
500346
500343
500285
500227
500212
500200
500194
500142
500135
500090
500072
500030
499951
499920
499846
499843
499835
499707
499688
499658
499614
499610
499604
499593
499592
499586
499560
499559
499531
499521
499490
499446
499424
499364
499315
499309
499295
498966
498906
498877
498853
498777
498774
498761
498746
498742
498734
498733
498711
498639
498611
498605
498592
498574
498514
498433
498410
498388
498385
498304
498272
498238
498234
498212
498209
498200
498151
498145
498115
498102
498081
498078
498037
498007
497995
497979
497841
497807
497759
497681
497644
497619
497612
497599
497529
497459
497453
497441
497434
497393
497330
497298
497237
497222
497132
497088
497057
497052
497023
496973
496960
496944
496892
496757
496630
496592
496571
496521
496390
496348
496342
496312
496309
496303
496267
496167
496146
496127
496082
496062
496001
495997
495986
495928
495902
495895
495854
495813
495773
495735
495709
495664
495655
495589
495583
495557
495534
495475
495459
495456
495432
495429
495423
495400
495376
495373
495340
495319
495302
495271
495268
495262
495234
495204
495188
495183
495151
495148
495145
495142
495141
495138
495122
495075
494992
494989
494924
494921
494866
494782
494743
494734
494716
494646
494561
494472
494460
494449
494446
494432
494388
494378
494372
494363
494351
494348
494296
494275
494229
494217
494197
494142
494095
494074
494053
494017
494001
493994
493981
493975
493972
493951
493898
493884
493871
493855
493822
493768
493765
493746
493713
493698
493691
493578
493557
493474
493459
493456
493389
493356
493329
493326
493319
493306
493290
493207
493198
493119
493058
493045
492940
492937
492927
492905
492866
492854
492833
492826
492720
492667
492632
492588
492582
492570
492564
492542
492510
492507
492482
492462
492440
492431
492419
492312
492306
492296
492279
492273
492269
492256
492199
492189
492158
492099
492090
492086
492065
492045
491989
491962
491930
491913
491904
491901
491880
491746
491734
491636
491613
491607
491595
491587
491473
491470
491462
491461
491442
491402
491393
491384
491270
491259
491219
491213
491189
491152
491011
490999
490852
490725
490653
490646
490641
490635
490585
490582
490561
490557
490503
490491
490459
490452
490427
490398
490350
490322
490288
490251
490203
490183
490171
490163
490160
490127
490040
489993
489895
489882
489873
489777
489756
489686
489593
489580
489570
489529
489526
489523
489519
489510
489421
489402
489399
489375
489363
489357
489334
489246
489225
489212
489170
489136
489078
489050
489019
489016
488929
488848
488755
488752
488711
488661
488652
488649
488451
488448
488421
488416
488409
488367
488336
488264
488191
488148
488129
488119
488074
488055
488036
488013
487960
487933
487917
487914
487911
487768
487753
487750
487666
487637
487628
487617
487602
487599
487596
487561
487558
487555
487517
487503
487500
487466
487461
487411
487388
487332
487285
487269
487232
487138
487100
487085
487011
486939
486927
486924
486908
486883
486833
486820
486740
486737
486678
486619
486531
486528
486515
486474
486468
486429
486414
486405
486394
486381
486369
486323
486322
486321
486266
486203
486184
486177
486167
486161
486141
486121
486112
486094
486091
486039
485976
485876
485864
485850
485829
485826
485784
485781
485736
485565
485530
485504
485468
485412
485394
485384
485373
485170
485105
485068
485010
484930
484883
484869
484794
484787
484784
484781
484758
484702
484699
484692
484654
484638
484586
484577
484509
484415
484412
484396
484270
484259
484225
484222
484213
484198
484192
484146
484138
484121
484077
484053
483965
483952
483938
483909
483857
483790
483743
483705
483688
483619
483590
483462
483358
483356
483284
483275
483271
483229
483137
483128
483122
483068
483046
483014
482943
482898
482861
482857
482831
482825
482805
482799
482796
482788
482771
482719
482703
482700
482697
482683
482672
482573
482512
482495
482492
482466
482311
482291
482288
482279
482183
481990
481987
481880
481857
481827
481809
481778
481754
481742
481705
481692
481649
481632
481599
481587
481571
481525
481406
481369
481342
481149
481100
481077
480937
480870
480813
480749
480682
480672
480654
480650
480618
480527
480429
480380
480377
480304
480146
480139
480024
480021
479981
479978
479957
479951
479948
479945
479942
479909
479906
479871
479747
479742
479720
479705
479699
479681
479631
479609
479606
479493
479395
479330
479315
479298
479295
479182
479133
479127
479102
479049
479034
479011
479008
478999
478960
478913
478693
478529
478422
478397
478382
478318
478270
478140
478122
478074
478053
478035
477934
477920
477911
477825
477810
477775
477766
477709
477584
477506
477499
477445
477417
477380
477374
477347
477337
477315
477240
477187
477142
477139
477096
477041
477003
476994
476980
476821
476781
476747
476736
476730
476590
476568
476565
476545
476529
476484
476455
476395
476350
476333
476318
476312
476303
476295
476292
476268
476239
476208
476125
476072
476033
476018
475901
475855
475731
475679
475599
475536
475470
475454
475445
475413
475410
475401
475390
475333
475321
475303
475294
475291
475288
475264
475226
475208
475189
475137
475093
475027
475026
474990
474977
474927
474918
474895
474791
474753
474665
474624
474568
474515
474508
474485
474439
474430
474383
474361
474357
474244
474230
474220
474169
474150
474126
474112
474034
473911
473893
473873
473861
473817
473814
473811
473808
473784
473756
473650
473539
472724
472684
472571
472539
472501
472498
472435
472357
472352
472320
472307
472304
472272
472256
472243
472174
472131
472078
471994
471982
471952
471847
471786
471675
471653
471614
471579
471500
471443
471419
471391
471383
471280
471222
471179
471176
471138
471084
470992
470967
470840
470823
470811
470783
470595
470485
470366
470357
470347
470313
470267
470264
470252
470249
470246
470173
470082
470040
469995
469882
469805
469729
469720
469634
469597
469570
469446
469381
469366
469360
469357
469351
469316
469160
468974
468959
468890
468878
468872
468843
468832
468798
468791
468772
468766
468738
468685
468675
468657
468621
468602
468535
468531
468390
468386
468377
468373
468341
468332
468301
468246
468198
468175
468166
468147
468035
468029
467932
467922
467916
467836
467810
467671
467668
467645
467611
467585
467494
467273
467164
467142
467088
467041
466909
466870
466720
466681
466599
466543
466531
466521
466471
466380
466336
466332
466311
466254
466241
466232
466192
466184
466178
466153
466147
466004
465963
465835
465825
465781
465761
465725
465624
465618
465599
465586
465579
465576
465554
465505
465498
465482
465301
465284
465196
465148
464857
464794
464751
464747
464670
464661
464658
464525
464494
464261
464258
464222
464210
464105
464069
464037
464009
463997
463926
463923
463913
463904
463817
463759
463747
463690
463617
463476
463460
463447
463444
463412
463407
463348
463342
463336
463328
463314
463311
463299
463287
463284
463280
463268
463246
463236
463233
463227
463224
463212
463206
463184
463181
463178
463171
463125
463119
463110
463103
463096
463093
463090
463087
463052
463049
463046
463039
463001
462998
462977
462971
462950
462929
462923
462912
462903
462854
462803
462765
462732
462720
462688
462656
462635
462625
462623
462611
462530
462512
462506
462493
462468
462465
462420
462414
462410
462350
462335
462310
462280
462267
462178
462146
462140
462136
462121
462103
462082
462047
462041
462038
462032
462010
462003
461993
461990
461987
461962
461953
461944
461935
461923
461920
461917
461908
461898
461892
461889
461880
461844
461837
461813
461803
461745
461703
461631
461625
461619
461606
461603
461600
461494
461490
461484
461453
461371
461358
461355
461331
461327
461318
461303
461285
461257
461216
461185
461132
461126
461123
461113
461107
461094
461091
461084
461077
461070
461049
461040
461022
461005
460993
460990
460962
460959
460941
460928
460920
460899
460869
460810
460774
460762
460755
460748
460728
460714
460699
460690
460605
460581
460562
460549
460536
460508
460502
460495
460430
460424
460405
460402
460396
460390
460374
460322
460305
460282
460279
460270
460260
460254
460210
460192
460186
460154
460147
460060
460036
460006
459969
459958
459955
459919
459898
459895
459892
459885
459879
459796
459793
459790
459787
459756
459739
459726
459723
459695
459669
459560
459392
459330
459306
459303
459277
459228
459183
459138
459096
459087
459084
459072
459051
459028
459020
459008
458997
458962
458959
458923
458916
458853
458844
458756
458736
458723
458717
458684
458668
458653
458638
458621
458603
458591
458581
458498
458484
458477
458425
458379
458351
458315
458304
458301
458283
458274
458262
458256
458253
458249
458244
458231
458207
458200
458192
458137
458134
458119
458113
458107
458101
458076
458062
458028
458009
458003
457979
457955
457933
457909
457892
457883
457877
457815
457777
457760
457733
457721
457705
457646
457643
457623
457596
457567
457564
457561
457551
457527
457518
457501
457493
457472
457435
457404
457401
457380
457377
457355
457330
457327
457324
457315
457257
457138
457135
457074
457021
456968
456906
456890
456837
456829
456819
456774
456754
456716
456698
456654
456645
456642
456546
456536
456490
456464
456413
456403
456400
456327
456301
456292
456249
456246
456227
456220
456186
456075
456053
456046
456036
456033
456025
455984
455921
455918
455891
455807
455763
455760
455757
455725
455690
455623
455595
455592
455588
455585
455582
455554
455539
455520
455517
455485
455367
455357
455351
455306
455237
455225
455187
455047
455044
454988
454958
454944
454934
454910
454890
454857
454850
454818
454754
454750
454737
454701
454680
454671
454668
454665
454643
454546
454515
454461
454389
454388
454352
454313
454279
454192
454183
454180
454173
454143
454073
454053
454030
453940
453937
453883
453874
453868
453795
453791
453769
453746
453738
453699
453688
453658
453609
453595
453583
453570
453511
453481
453465
453403
453326
453323
453276
453202
453118
453082
453067
453055
453049
453000
452997
452960
452917
452904
452890
452859
452847
452789
452772
452719
452710
452700
452626
452616
452603
452596
452521
452504
452501
452489
452477
452463
452441
452407
452385
452332
452271
452244
452217
452208
452191
452182
452179
452161
452158
452144
452132
452126
452116
452067
452064
451985
451952
451945
451929
451925
451918
451883
451866
451848
451803
451800
451781
451759
451660
451657
451654
451639
451592
451573
451564
451552
451508
451454
451426
451403
451366
451360
451324
451294
451282
451228
451222
451165
451159
451137
451136
451135
451084
451077
451074
451067
451041
451014
451011
450952
450933
450908
450889
450858
450855
450852
450844
450712
450688
450574
450565
450524
450508
450499
450463
450454
450416
450235
450232
450123
450108
450066
450049
450041
449951
449875
449841
449818
449809
449778
449768
449733
449691
449675
449515
449489
449421
449360
449274
449263
449199
449157
449120
449111
449093
449077
449028
448990
448931
448871
448832
448815
448670
448602
448594
448576
448575
448571
448566
448541
448529
448495
448489
448480
448477
448474
448333
448282
448202
448188
448136
448111
448101
447960
447941
447919
447907
447826
447816
447722
447690
447654
447529
447433
447410
447389
447345
447334
447322
447319
447309
447302
447257
447251
447228
447198
447187
447151
446996
446956
446950
446921
446896
446889
446823
446712
446682
446443
446415
446409
446309
446305
446287
446279
446266
446263
446145
446135
446132
446096
445961
445947
445899
445886
445795
445738
445717
445697
445637
445514
445469
445336
445295
445289
445265
445250
445235
445190
445189
445188
445169
445151
445094
445058
445051
444995
444930
444786
444768
444763
444751
444734
444720
444698
444661
444658
444543
444484
444475
444471
444434
444375
444372
444366
444268
444227
444218
444215
444201
444186
444121
444072
444069
444056
444049
444027
443982
443871
443863
443849
443793
443779
443766
443712
443700
443676
443673
443652
443648
443639
443626
443614
443557
443503
443459
443391
443374
443344
443307
443242
443209
443194
443020
442962
442919
442910
442868
442739
442633
442617
442555
442546
442498
442418
442376
442370
442328
442320
442287
442223
442200
442197
442185
442163
442126
442122
442078
442044
442038
441993
441981
441969
441958
441947
441920
441844
441822
441806
441775
441764
441746
441742
441732
441728
441701
441670
441643
441639
441608
441588
441551
441495
441492
441389
441341
441311
441296
441270
441267
441226
441171
441107
441083
441012
441005
440929
440911
440883
440742
440739
440671
440564
440551
440532
440519
440480
440418
440330
440327
440238
440217
440201
440147
440115
440109
439990
439879
439807
439791
439744
439741
439734
439723
439710
439682
439625
439509
439404
439385
439363
439341
439338
439310
439194
439142
439047
438973
438686
438682
438655
438649
438500
438204
438195
438189
438136
438066
437974
437951
437850
437828
437695
437581
437461
437421
437409
437401
437343
437328
437319
437271
437256
437234
437231
437228
437225
437211
437190
437163
437120
437112
436913
436896
436859
436781
436721
436612
436581
436577
436576
436557
436497
436404
436397
436393
436366
436362
436304
436251
436231
436160
436123
436112
436064
436055
436048
436031
436021
435954
435854
435838
435822
435818
435814
435727
435704
435701
435631
435606
435603
435535
435532
435529
435472
435353
435262
435249
435141
435138
435081
435071
435042
434991
434939
434800
434793
434787
434760
434674
434628
434605
434587
434584
434581
434578
434514
434487
434468
434456
434453
434430
434331
434308
434286
434279
434216
434193
434114
434094
434015
434009
433959
433896
433893
433860
433835
433833
433808
433659
433640
433612
433585
433582
433547
433537
433511
433495
433443
433440
433391
433370
433322
433312
433266
433218
433212
433203
433166
433156
433150
433141
433102
433089
433064
432897
432865
432751
432708
432664
432663
432659
432623
432575
432513
432484
432474
432385
432361
432316
432312
432309
432277
432268
432253
432243
432212
432060
432023
432017
431981
431954
431887
431759
431739
431736
431727
431626
431578
431488
431425
431422
431369
431320
431307
431174
431138
431055
431022
430980
430940
430937
430934
430783
430753
430656
430643
430625
430578
430536
430464
430460
430456
430434
430427
430407
430393
430389
430369
430368
430310
430241
430220
430206
430202
429918
429915
429843
429618
429610
429607
429584
429540
429506
429493
429407
429403
429396
429390
429320
429315
429305
429192
429186
429098
429093
429061
428932
428896
428883
428823
428807
428764
428729
428714
428673
428655
428652
428637
428525
428524
428503
428436
428433
428415
428283
428217
428153
428102
427901
427873
427832
427778
427774
427731
427662
427551
427539
427464
427434
427400
427369
427268
427254
427174
427166
427151
427139
427103
427061
427043
427037
427034
426937
426930
426862
426846
426667
426638
426463
426377
426367
426279
426237
426174
426141
426113
426107
426096
426052
426000
425943
425931
425756
425752
425748
425712
425649
425622
425612
425559
425368
425330
425234
425221
425065
425047
425044
425041
425038
425035
425032
425029
425026
425023
425020
425014
424944
424938
424900
424885
424854
424837
424813
424742
424696
424690
424666
424640
424588
424511
424481
424205
424136
424082
424057
424039
424004
424001
423899
423828
423813
423793
423747
423623
423582
423579
423572
423569
423544
423479
423476
423427
423421
423418
423410
423358
423220
423170
423115
423093
422921
422915
422911
422908
422904
422894
422890
422878
422869
422852
422826
422808
422754
422669
422662
422655
422637
422480
422414
422393
422380
422359
422340
422334
422333
422328
422076
422065
422058
422023
421993
421957
421954
421935
421842
421841
421832
421829
421797
421794
421654
421635
421609
421429
421423
421410
421350
421322
421290
421175
421170
421164
421042
420929
420913
420750
420642
420630
420586
420576
420511
420499
420494
420480
420474
420343
420219
420185
420154
419966
419902
419861
419856
419775
419755
419636
419630
419541
419401
419382
419265
419214
419144
419125
419056
419052
418898
418889
418884
418810
418725
418716
418626
418622
418595
418567
418557
418547
418535
418500
418489
418479
418464
418439
418428
418411
418399
418322
418269
418121
418078
417904
417825
417729
417706
417652
417606
417592
417560
417556
417542
417539
417520
417402
417394
417290
417281
417213
417149
417106
417063
417048
416991
416976
416967
416964
416951
416947
416942
416863
416701
416688
416659
416653
416638
416632
416606
416519
416395
416388
416330
416171
416122
416119
416055
416014
416011
415986
415979
415970
415936
415927
415914
415864
415850
415837
415797
415724
415673
415626
415601
415600
415593
415411
415321
415318
415110
414960
414826
414803
414761
414755
414735
414732
414672
414665
414657
414645
414621
414405
414148
414139
414100
414061
413858
413795
413767
413755
413713
413623
413574
413562
413514
413488
413453
413359
413346
413226
413127
412745
412705
412683
412653
412591
412576
412475
412462
412457
412358
411936
411872
411747
411719
411536
411194
411110
411093
410978
410965
410873
410865
410856
410837
410834
410816
410813
410775
410721
410710
410638
410586
410580
410579
410573
410399
410346
410195
410194
410168
410162
410101
410081
410069
410016
409994
409929
409928
409918
409867
409853
409831
409821
409674
409647
409537
409454
409420
409400
409352
409337
409325
409310
409257
409223
409183
409176
409135
409123
409111
409083
409079
408842
408752
408748
408596
408589
408572
408413
408337
408315
408309
408255
408237
408233
408209
408194
407931
407811
407753
407635
407626
407610
407598
407534
407507
407501
407498
407495
407232
407211
407121
407092
407085
407070
407066
407043
407008
407005
406999
406903
406882
406852
406849
406843
406831
406807
406780
406669
406657
406651
406635
406590
406476
406451
406357
406334
406331
406315
406301
406292
406242
406161
406137
406128
406114
406093
406037
406009
405907
405779
405776
405770
405758
405735
405706
405683
405668
405665
405603
405477
405466
405422
405380
405371
405352
405346
405273
405244
405164
405096
405054
405051
405047
405022
404845
404843
404842
404805
404746
404743
404729
404628
404616
404609
404608
404535
404518
404401
404317
404311
404297
404266
404262
404255
404237
404192
404158
403712
403696
403537
403465
403464
403342
403339
402989
402841
402801
402728
402674
402671
402623
402565
402496
402472
402455
402452
402445
402420
402234
402175
402107
402003
401909
401902
401894
401875
401751
401735
401731
401566
401539
401506
401407
401357
401356
401353
401345
401342
401315
401275
401189
401183
401166
400948
400618
400593
400592
400575
400544
400511
400466
400311
400117
400116
400115
400047
399943
399887
399850
399833
399796
399774
399658
399625
399555
399539
399435
399273
399207
399203
399092
399064
399055
399024
398945
398926
398909
398894
398821
398797
398785
398784
398783
398690
398687
398651
398618
398612
398606
398532
398516
398510
398433
398427
398423
398328
398283
398211
398197
398185
398148
398145
398122
398097
398091
398031
398012
397982
397919
397887
397857
397847
397774
397732
397711
397699
397667
397642
397547
397448
397386
397340
397322
397312
397299
397295
397190
397187
397182
397149
397119
397098
397019
396908
396854
396838
396672
396641
396601
396595
396532
396529
396399
396396
396377
396336
396332
396275
396257
396214
396169
395973
395970
395966
395936
395715
395697
395630
395615
395461
395429
395261
395206
395168
395082
395030
394942
394930
394874
394680
394636
394613
394595
394584
394485
394345
394333
394314
394138
394090
394048
393989
393907
393893
393758
393729
393722
393636
393632
393611
393556
393526
393519
393432
393392
393296
393244
393137
393101
393080
393057
392981
392978
392921
392891
392881
392805
392762
392750
392728
392709
392693
392671
392661
392643
392628
392621
392573
392551
392512
392500
392463
392451
392392
392292
392244
392233
392224
392164
392155
392037
391995
391904
391886
391837
391753
391518
391418
391323
391258
391194
391124
391105
391072
391024
391014
390898
390811
390770
390718
390627
390594
390569
390556
390551
390529
390519
390518
390428
390408
390382
390191
390082
390081
390080
390077
389992
389928
389904
389858
389832
389825
389815
389802
389716
389552
389517
389466
389460
389416
389324
389316
389180
389121
388895
388891
388883
388841
388814
388715
388603
388576
388563
388489
388486
388430
388403
388360
388300
388295
388252
388232
388231
388167
388146
388131
388119
388092
388065
388049
387860
387650
387583
387523
387517
387486
387446
387439
387182
387172
387149
387128
387119
387116
387083
387080
387074
387071
387067
386980
386877
386861
386848
386783
386774
386525
386450
386441
386240
386237
386198
386147
386112
386072
385844
385798
385743
385740
385609
385591
385590
385538
385529
385506
385446
385402
385389
385357
385347
385308
385298
385095
385080
385070
385008
385005
384944
384888
384848
384830
384805
384745
384742
384736
384732
384661
384650
384607
384530
384507
384494
384450
384314
384176
383931
383900
383882
383876
383859
383702
383697
383690
383678
383655
383633
383574
383450
383234
383130
383076
383072
383041
383024
382968
382921
382837
382805
382774
382602
382557
382548
382541
382472
382420
382375
382329
382270
382252
382151
382148
382130
382077
381952
381896
381824
381763
381760
381757
381718
381644
381590
381553
381531
381512
381480
381479
381406
381393
381348
381220
381131
381112
381068
381063
381043
381037
380452
380359
380328
380317
380313
380307
380301
380272
380263
380259
380219
380210
380168
380096
380095
380075
380031
379972
379934
379922
379854
379797
379758
379495
379467
379253
379244
379240
379216
379190
379079
379074
379032
378932
378912
378909
378903
378849
378797
378479
378408
378342
378332
378229
378192
378176
378164
378127
378062
378014
377898
377786
377746
377688
377670
377664
377581
377572
377439
377428
377402
377397
377377
377352
377322
377303
377246
377222
377168
377165
377112
377090
377051
377033
377024
376971
376925
376922
376825
376792
376768
376638
376515
376475
376461
376430
376424
376374
376235
376210
376140
375978
375968
375960
375957
375951
375910
375853
375850
375641
375632
375628
375577
375529
375406
375165
375162
375159
375155
375096
375059
374900
374893
374755
374737
374711
374697
374613
374580
374445
374360
374231
374217
374169
374122
374103
373991
373976
373964
373957
373640
373637
373595
373524
373493
373455
373452
373432
373415
373316
373313
373294
373141
373134
373120
373060
373030
372999
372944
372915
372905
372882
372780
372721
372586
372556
372510
372503
372419
372347
372257
372253
372161
372124
372119
372106
372052
371971
371861
371832
371807
371709
371676
371669
371610
371587
371472
371439
371433
371372
371359
371355
371300
371294
371233
371232
371231
371230
371229
371168
371144
371136
371079
371063
371060
371054
371045
371008
370701
370677
370674
370629
370548
370391
370358
370316
370313
370307
370273
370228
370157
370151
370145
370058
370004
369997
369994
369861
369793
369727
369721
369705
369593
369586
369568
369550
369453
369428
369394
369391
369307
369287
369276
369256
369236
369207
369192
369039
368966
368894
368871
368687
368617
368614
368596
368593
368590
368542
368536
368480
368457
368451
368395
368365
368321
368275
368245
368235
368192
368186
368119
368091
368088
368085
368034
367919
367877
367811
367700
367686
367585
367479
367476
367438
367403
367226
367217
366915
366855
366796
366761
366744
366726
366635
366276
366260
366101
366063
366036
365981
365912
365861
365783
365771
365754
365736
365593
365533
365507
365479
365476
365475
365397
365394
365390
365377
365346
365326
365230
365174
365140
365073
365066
365055
364931
364859
364845
364665
364606
364597
364582
364570
364566
364547
364439
364422
364355
364334
364298
364277
364239
364171
364048
364039
364024
363991
363987
363968
363943
363933
363775
363713
363541
363373
363367
363335
363279
363275
363258
363255
363218
363192
363155
363152
363127
363047
362975
362849
362805
362726
362709
362688
362635
362551
362534
362504
362496
362489
362447
362334
362286
362263
362256
362253
362233
362224
362215
362190
362184
362150
362147
362141
362123
362120
362117
362111
362097
362081
362056
362003
361984
361961
361913
361906
361902
361898
361824
361789
361786
361730
361680
361577
361519
361501
361452
361260
361224
361221
361182
361054
360787
360748
360686
360597
360481
360462
360426
360422
360381
360378
360335
360142
360121
360108
360092
360089
360080
360076
360070
360039
359917
359882
359817
359805
359801
359770
359765
359753
359740
359660
359641
359599
359587
359536
359487
359464
359452
359440
359425
359403
359388
359385
359331
359276
359261
359155
359017
359014
358923
358696
358572
358552
358544
358538
358502
358482
358448
358433
358327
358321
358315
358274
358268
358233
358229
358226
358140
357958
357938
357926
357917
357853
357713
357314
357301
357298
357260
357232
357207
357049
357038
357032
356939
356936
356895
356871
356855
356687
356684
356672
356583
356516
356503
356498
356476
356384
356291
356239
356217
356152
356122
355995
355988
355982
355940
355936
355911
355835
355728
355617
355542
355377
355122
355113
355088
355039
355008
354958
354910
354901
354837
354822
354777
354776
354772
354763
354727
354533
354515
354507
354488
354442
354435
354431
354428
354329
354322
354310
354246
354238
354199
354192
354167
354096
354093
354092
354087
353996
353995
353986
353939
353904
353882
353862
353787
353764
353619
353549
353427
353332
353326
353320
353228
353225
353187
353096
353063
352970
352914
352913
352843
352772
352745
352606
352541
352508
352491
352355
352057
351968
351961
351953
351940
351914
351859
351734
351693
351663
351461
351407
351381
351233
351192
351183
351050
351029
350951
350907
350905
350857
350679
350666
350654
350651
350469
350442
350330
350309
350299
350235
350188
350165
350119
350092
350084
350061
350025
350019
349973
349914
349899
349864
349773
349697
349678
349595
349557
349525
349477
349474
349456
349432
349373
349364
349312
349284
349277
349119
349084
349081
349053
349024
348966
348933
348851
348845
348819
348730
348643
348598
348532
348488
348446
348439
348403
348311
348308
348286
348283
348246
348237
348159
348144
348114
348076
348071
348001
347934
347927
347860
347770
347734
347577
347364
347336
347324
347293
347249
347213
347151
347062
346888
346885
346841
346819
346803
346762
346746
346721
346701
346691
346669
346660
346620
346563
346531
346458
346250
346237
346050
346049
346048
346026
345826
345781
345699
345534
345499
345465
345457
345393
345389
345280
345277
345249
345160
345011
344989
344967
344950
344796
344790
344764
344492
344429
344412
344370
344319
344152
344150
344138
344104
344071
344012
343929
343751
343730
343701
343583
343582
343548
343531
343505
343357
343306
343303
343294
343209
343199
343030
343013
343010
342998
342981
342885
342875
342821
342694
342622
342602
342542
342510
342373
342369
342229
342207
342174
342171
342103
342058
342007
341864
341857
341771
341765
341697
341678
341606
341595
341565
341501
341328
341306
341266
341250
341245
341233
341165
341145
341091
341039
341018
340927
340918
340843
340789
340786
340698
340607
340598
340588
340558
340517
340514
340475
340434
340431
340216
340188
340005
340002
339999
339864
339831
339825
339709
339668
339659
339182
339151
339147
339146
339084
339004
338994
338991
338911
338752
338610
338583
338562
338514
338484
338481
338240
338210
338199
338177
338161
338006
337931
337906
337888
337843
337840
337765
337759
337713
337521
337518
337497
337385
337282
337264
337196
337187
337150
337128
337077
336949
336869
336832
336811
336804
336798
336724
336646
336564
336438
336359
336350
336344
336341
336331
336214
336101
336087
336048
335913
335907
335857
335750
335740
335647
335593
335510
335506
335398
335262
335132
335079
335062
335036
335012
334999
334943
334757
334742
334731
334716
334647
334611
334585
334556
334285
334272
334257
334255
334132
334068
334001
333950
333947
333944
333932
333923
333845
333777
333691
333541
333528
333483
333480
333398
333369
333327
333300
333286
333250
333233
333215
333199
333173
333038
333026
332973
332899
332861
332802
332656
332652
332644
332641
332512
332470
332440
332437
332414
332404
332397
332374
332180
332177
332130
332114
332072
332046
332040
331887
331875
331870
331671
331582
331517
331489
331486
331474
331450
331402
331373
331330
331300
331162
331100
331096
331024
331009
331002
330977
330963
330825
330733
330702
330656
330573
330562
330558
330550
330496
330413
330391
330331
330324
330314
330303
330298
330280
330213
330208
330169
330145
330139
330107
330078
329973
329964
329944
329848
329061
328827
328742
328697
328637
328634
328568
328530
328509
328473
328424
328421
328302
328063
328046
328000
327961
327911
327901
327880
327789
327763
327726
327703
327544
327530
327521
327509
327370
327322
327257
327248
327234
327228
327206
327194
327129
327123
327082
327049
326978
326971
326968
326954
326916
326862
326819
326813
326801
326789
326783
326607
326455
326308
326249
326245
326238
326232
326226
326216
326203
326128
326108
326066
326051
325927
325912
325843
325776
325709
325676
325636
325604
325563
325537
325343
325320
325317
325291
325287
325277
325220
325070
324963
324622
324619
324519
324504
324457
324454
324422
324352
324321
324318
324289
324247
324230
324096
324077
323978
323972
323910
323906
323851
323845
323831
323780
323695
323535
323517
323410
323402
323357
323222
323221
323188
323138
323015
322930
322906
322882
322856
322844
322833
322808
322716
322706
322701
322653
322606
322603
322596
322354
322327
322320
322235
322124
322086
321909
321908
321880
321805
321798
321792
321754
321729
321723
321656
321646
321643
321602
321366
321357
321251
321173
321153
321152
321131
321056
321004
320983
320945
320905
320890
320881
320858
320770
320726
320721
320657
320629
320546
320475
320358
320332
320329
320223
320214
320211
320034
320004
320000
319987
319959
319956
319838
319817
319810
319802
319667
319645
319623
319597
319474
319473
319321
319312
319300
319278
319137
319125
319093
319076
318995
318943
318935
318929
318874
318777
318763
318532
318528
318518
318514
318314
318237
318178
318076
318046
318008
317997
317976
317932
317859
317721
317678
317611
317575
317563
317559
317396
317376
317306
317233
317216
317203
317184
316959
316946
316670
316561
316448
316430
316240
316193
316184
316147
316063
316052
315939
315848
315777
315771
315755
315596
315557
315529
315499
315492
315441
315429
315399
315281
315228
315176
315152
314991
314915
314837
314750
314749
314708
314689
314475
314455
314425
314422
314419
314416
314408
314300
314212
314028
314025
314006
313770
313761
313681
313599
313563
313529
313443
313409
313400
313382
313370
313315
313299
313290
313260
313177
313143
312647
312604
312477
312360
312320
312103
311997
311995
311984
311834
311790
311742
311741
311727
311383
311331
311328
311318
311309
311303
311276
311270
311245
311224
311210
311200
311199
311195
311191
311187
311152
311150
310902
310851
310836
310800
310756
310744
310358
310322
310319
310268
310231
310129
310087
310022
309999
309993
309899
309830
309718
309606
309589
309583
309561
309529
309503
309499
309345
309318
309295
309248
309237
309119
309058
308974
308916
308910
308898
308895
308811
308807
308794
308745
308741
308657
308617
308601
308588
308426
308367
308364
308358
308262
308240
308162
308136
308095
308042
307940
307903
307848
307833
307830
307827
307824
307821
307818
307815
307812
307809
307806
307753
307720
307683
307680
307645
307636
307623
307613
307607
307531
307521
307488
307479
307435
307378
307375
307255
307210
307198
307168
307152
307137
307131
307109
307100
307080
307057
307037
306958
306919
306903
306900
306840
306759
306728
306718
306631
306588
306522
306461
306458
306272
306242
306219
306207
306201
306151
306075
306059
306022
305928
305922
305899
305835
305769
305759
305668
305644
305609
305349
305313
305299
305222
305170
305110
305066
304946
304943
304837
304815
304664
304632
304575
304458
304447
304444
304413
304192
304155
304046
303986
303925
303684
303662
303653
303573
303364
303270
303267
303264
303261
303215
303191
303173
303152
303146
303129
302964
302957
302912
302649
302557
302522
302516
302513
302483
302465
302412
302288
302276
302264
302260
302148
302103
302030
302006
301962
301952
301941
301933
301901
301866
301810
301793
301727
301650
301638
301601
301500
301448
301436
301233
301218
301169
300957
300907
300828
300782
300670
300629
300605
300587
300586
300242
300229
300208
300200
300168
300164
300160
300081
300018
299808
299799
299795
299794
299791
299538
299468
299452
299440
299146
299091
298885
298756
298740
298545
298468
298381
298294
298224
298202
298185
298170
298100
298078
298010
297984
297832
297827
297770
297760
297757
297706
297485
297469
297466
297458
297441
297214
297211
297029
296915
296912
296906
296428
295997
295934
295815
295775
295765
295696
295683
295425
295348
295323
295313
295194
295129
294629
294607
294442
294242
294201
294191
294188
294136
294111
293959
293919
293826
293719
293699
293660
293656
293639
293463
293431
293425
293403
293386
293364
293302
293148
293125
293116
293082
293035
293019
293005
292959
292917
292897
292876
292865
292860
292813
292789
292732
292673
292656
292639
292625
292590
292502
292439
292431
292327
292303
292220
292160
292146
292145
292104
292034
292030
291919
291870
291834
291824
291804
291628
291619
291484
291451
291330
291302
291299
291295
291134
291131
291111
291084
290985
290964
290748
290711
290599
290530
290517
290485
290482
290477
290439
290419
290339
290179
289969
289874
289812
289792
289702
289675
289656
289567
289560
289534
289520
289493
289430
289415
289227
289131
289121
289061
288519
288516
288356
288350
287861
287827
287769
287685
287673
287661
287658
287655
287652
287649
287569
287522
287479
287402
287392
287388
287385
287382
287379
287376
287373
287364
287331
287300
287246
287223
287217
287209
287199
287102
286914
286867
286863
286860
286531
286354
286162
286161
286140
286080
286077
286023
286020
286017
286014
286011
285811
285805
285724
285721
285718
285715
285712
285709
285696
285639
285630
285520
285390
285373
285358
285327
285300
285297
285275
285240
285234
285095
285089
285028
285010
285007
285004
285001
284998
284995
284992
284986
284875
284850
284839
284801
284751
284748
284745
284742
284739
284651
284626
284616
284565
284562
284547
284543
284537
284534
284531
284528
284522
284395
284347
284276
284267
284264
284261
284242
284178
284171
284160
284150
284147
284133
284113
283970
283960
283951
283851
283831
283828
283775
283772
283761
283715
283638
283610
283607
283535
283532
283509
283380
283352
283346
283117
283008
282953
282927
282924
282921
282918
282915
282912
282810
282807
282804
282771
282688
282665
282659
282478
282471
282331
282277
282253
282225
282205
282097
281993
281974
281887
281884
281871
281862
281838
281835
281792
281769
281716
281608
281590
281583
281571
281568
281552
281533
281474
281412
281348
281146
281131
281128
281110
281063
280938
280853
280838
280797
280744
280737
280656
280639
280629
280376
280334
280277
280208
280171
280168
280122
280110
280061
279955
279899
279886
279809
279796
279703
279670
279650
279477
279457
279426
278673
278643
278624
278585
278456
278450
278422
278283
278185
278171
278115
278107
278093
278078
278036
277985
277962
277824
277778
277761
277732
277664
277582
277528
277513
277462
277458
277378
277251
277241
277115
277091
277063
277036
276980
276970
276801
276734
276691
276602
276495
276436
276420
276407
276379
276363
276345
276326
276195
276110
276100
276065
276056
275983
275940
275871
275855
275851
275836
275781
275706
275664
275600
275596
275537
275519
275509
275466
275442
275421
275382
275338
275300
275288
275251
275224
275217
275159
274910
274553
274432
274420
274387
274275
274218
274203
274107
274090
274003
273907
273902
273895
273878
273756
273488
273447
273444
273176
273116
273080
272987
272940
272937
272879
272682
272513
272350
272341
272309
272278
272238
272223
272201
272170
272126
272123
272111
271895
271851
271802
271787
271761
271656
271638
271598
271565
271376
271275
271226
271183
271157
271013
270945
270878
270778
270716
270446
270440
270428
270397
270390
270354
270352
270342
270301
270267
270123
270114
270023
269994
269886
269732
269711
269676
269529
269485
269454
269431
269418
269285
269217
269144
269125
269073
268890
268718
268655
268645
268615
268540
268463
268397
268368
268322
268240
268210
268124
268077
267845
267716
267665
267647
267539
267521
267518
267484
267455
267423
267308
267253
267243
267198
267156
266974
266866
266845
266688
266647
266641
266537
266447
266386
266385
266320
266095
266077
265959
265881
265827
265757
265670
265638
265611
265594
265590
265516
265471
265152
264944
264842
264768
264761
264738
264709
264687
264629
264574
264489
264313
264295
264193
264158
264131
264059
263977
263968
263831
263696
263645
263635
263632
263512
263460
263426
263422
263417
263414
263411
263408
263399
263370
263230
263191
263178
263155
263002
262997
262975
262928
262904
262898
262892
262759
262739
262719
262689
262671
262670
262648
262591
262453
262405
262289
262206
262165
262148
262134
262106
262052
262039
262012
261907
261893
261890
261821
261794
261783
261533
261506
261484
261425
261411
261400
261386
261348
261312
261200
261095
261068
261055
260943
260822
260813
260733
260705
260249
260245
260174
260097
259758
258985
258487
258270
258261
258258
258255
258238
257563
257484
257431
257413
256998
256994
256864
256790
256755
256378
256254
256228
255897
255845
255472
255351
255256
255219
255064
254853
254832
254800
254775
254740
254727
254694
254686
254591
254269
254257
254250
254241
254128
254024
253957
253815
253712
253517
253443
253347
253243
253056
253037
252991
252988
252868
252857
252776
252727
252724
252711
252608
252592
252475
252445
252403
252353
252181
252159
252016
252013
251995
251984
251883
251671
251591
251534
251525
251505
251399
251355
251346
251247
251169
251136
251124
251091
251078
251033
250957
250576
250530
250320
250275
250248
250245
250229
250130
250097
250091
250042
249953
249934
249912
249906
249874
249754
249741
249394
249367
249328
249319
249230
249160
248902
248864
248550
248494
248408
248405
248393
248101
248093
248084
247958
247866
247691
247690
247689
247604
247579
247487
247441
247330
247290
247280
247270
247253
247239
247209
247197
247180
247167
247149
247136
247078
247074
247064
246937
246925
246905
246888
246745
246531
246045
246029
246004
245858
245820
245795
245777
245661
245624
245593
245567
245475
245357
245354
245351
245344
245305
245191
245182
245075
245040
245015
245003
244997
244982
244953
244930
244799
244750
244592
244494
244477
244449
244330
244313
244259
244229
244114
244089
244064
244001
243970
243961
243930
243797
243757
243738
243613
243610
243495
243489
243483
243477
243468
243450
243285
243266
243258
243248
243233
243214
243193
243182
243089
243018
243017
242941
242894
242880
242834
242831
242708
242623
242602
242579
242546
242537
242494
242484
242228
242222
242191
242175
242158
242149
242113
242102
242090
242087
242018
242003
241984
241855
241826
241767
241722
241333
241273
241232
241210
241181
241108
241064
241038
241032
240865
240795
240578
240493
240382
240378
240242
240226
240202
240062
240005
239971
239820
239814
239701
239645
239591
239515
239493
239484
239466
239457
239411
239270
239207
239140
238952
238811
238783
238594
238471
238323
238300
238297
238221
238112
238043
238029
237969
237961
237889
237806
237794
237777
237580
237520
237514
237494
237475
237469
237445
237423
237385
237314
237311
237180
237061
237029
237007
236957
236944
236384
236289
236179
236133
235991
235988
235979
235877
235816
235707
235698
235471
235464
235424
235318
235253
235250
235204
235180
235115
235062
235056
234966
234908
234860
234785
234704
234667
234660
234635
234501
234436
234427
234186
234156
234104
234061
233984
233936
233918
233912
233822
233777
233704
233561
233475
233167
233080
233053
233047
232960
232894
232808
232773
232740
232685
232628
232623
232597
232574
232389
232200
231868
231863
231745
231725
231673
231596
231580
231447
231442
231371
231240
231237
231227
231151
231118
231061
231055
231049
231043
231020
230978
230971
230942
230931
230768
230593
230511
230486
230449
230286
230235
230111
230101
229878
229842
229691
229624
229420
229197
229150
228426
228361
228179
227601
227357
227298
227277
227136
227053
227000
226840
226765
226568
226556
226510
226498
226399
226384
226366
226195
226174
226077
226038
226026
225856
225835
225829
225823
225808
225803
225711
225698
225640
225614
225573
225564
225429
225346
225337
225313
225310
225304
225043
224977
224953
224914
224877
224839
224786
224738
224702
224602
224596
224522
224501
224269
224242
224212
224209
224206
224203
224200
224197
224194
224191
224188
224185
224140
224134
224086
224083
224080
224077
224074
224071
224068
224065
224028
224025
224022
223995
223760
223757
223740
223736
223728
223705
223674
223628
223616
223506
223481
223471
223447
223398
223350
223329
223310
223101
222994
222972
222954
222893
222845
222833
222829
222747
222711
222680
222668
222606
222592
222571
222513
222495
222472
222469
222448
222436
222354
222334
222313
222307
222277
222244
222238
222232
221663
221648
221597
221513
221462
221459
221453
221444
221306
221300
221294
221179
221111
221088
221009
221003
220953
220923
220893
220881
220815
220805
220716
220707
220615
220393
220355
220352
220177
220119
220089
220077
219979
219927
219906
219891
219833
219821
219736
219651
219589
219580
219562
219553
219509
219471
219459
219447
219435
219422
219338
219335
219326
219225
219211
219208
219193
218986
218975
218943
218940
218937
218896
218815
218809
218749
218668
218612
218557
218533
218473
218428
218343
218270
218172
218169
218107
218006
218000
217974
217971
217944
217857
217854
217851
217793
217790
217735
217593
217505
217444
217441
217396
217390
217229
217147
217045
217042
216984
216933
216827
216818
216766
216760
216748
216665
216662
216638
216355
216333
216288
216261
216238
216172
216169
216157
216134
216048
216004
215993
215914
215812
215806
215793
215613
215348
215292
215265
215209
215168
215083
215071
214948
214935
214884
214842
214812
214785
214779
214767
214599
214543
214492
214491
214487
214478
214472
214469
214403
214389
214373
214266
214228
214122
214063
214021
213956
213917
213902
213820
213697
213658
213585
213504
213359
213353
213299
213219
213094
213031
212930
212855
212834
212773
212770
212691
212567
212408
212332
212298
212189
212171
212021
211988
211910
211901
211867
211828
211784
211781
211680
211638
211620
211611
211595
211571
211550
211464
211446
211105
210993
210939
210930
210873
210867
210861
210642
210633
210630
210598
210518
210460
210345
210342
210291
210273
210236
210233
210127
210091
210049
210014
209972
209966
209752
209655
209649
209543
209526
209465
209454
209449
209398
209203
209094
208978
208954
208942
208893
208886
208874
208838
208748
208736
208721
208718
208605
208505
208501
208462
208441
208367
208341
208302
208207
208030
208021
207961
207927
207897
207881
207815
207794
207788
207705
207649
207609
207593
207523
207425
207407
207383
207174
207152
207106
207040
206993
206960
206913
206860
206851
206728
206692
206674
206650
206609
206540
206437
206354
206336
206278
206269
206187
206084
205987
205984
205811
205722
205719
205707
205701
205670
205488
205464
205413
205272
205236
205076
205020
204985
204922
204895
204776
204767
204762
204744
204741
204738
204680
204665
204647
204638
204557
204538
204475
204282
204246
204094
204053
204044
203981
203969
203724
203712
203702
203696
203610
203558
203546
203543
203501
203477
203395
203218
203137
203054
203046
203028
203003
203002
202996
202968
202887
202850
202817
202765
202712
202703
202694
202631
202597
202569
202566
202563
202560
202557
202554
202551
202519
202368
202362
202319
202289
202243
202213
202187
202168
202165
202161
202158
202102
202023
201995
201992
201830
201806
201800
201770
201767
201693
201687
201444
201105
201102
200928
200898
200820
200694
200673
200655
200649
200575
200541
200377
200338
200322
200301
200193
200136
200090
200051
199983
199869
199553
199432
199413
199313
199244
199241
199190
199175
199166
199154
199133
199105
199078
199033
198774
198692
198680
198556
198529
198505
198407
198404
198401
198392
198313
198267
198239
198197
198192
198153
198068
198060
198057
198045
197985
197976
197812
197772
197704
197663
197629
197608
197581
197576
197524
197485
197439
197433
197343
197248
197057
197047
197033
197015
196989
196974
196932
196896
196880
196847
196819
196803
196685
196682
196661
196652
196561
196536
196482
196470
196449
196410
196391
196371
196071
196068
196059
196047
196029
196026
195994
195988
195967
195836
195735
195705
195695
195681
195596
195541
195454
195155
195152
195074
195030
194905
194843
194686
194641
194541
194362
194352
194322
194319
194280
194268
194232
194190
194119
193939
193886
193775
193730
193679
193629
193562
193437
193297
193281
193065
193052
193046
193037
192942
192897
192888
192803
192797
192672
192650
192540
192477
192459
192426
192393
192317
192298
192283
192280
192277
192101
192069
192063
192033
192010
191894
191853
191841
191781
191754
191745
191744
191735
191694
191688
191589
191586
191573
191522
191474
191450
191447
191423
191307
191246
191219
191161
191155
191152
191128
191067
191025
190995
190882
190873
190808
190805
190719
190677
190659
190624
190568
190537
190434
190419
190378
190335
190145
190072
190039
189948
189945
189932
189740
189725
189662
189614
189611
189569
189536
189527
189223
189133
189082
189073
188998
188905
188852
188800
188775
188760
188748
188660
188573
188516
188459
188456
188376
188238
188211
188178
188080
188065
187905
187807
187803
187780
187654
187648
187621
187618
187576
187356
187347
187344
187332
187304
187086
186941
186897
186807
186792
186719
186671
186538
186514
186426
186253
185616
185505
185493
185436
185421
185376
185194
185188
185027
184847
184736
184733
184561
184558
184493
184251
184250
184208
184164
184070
184055
184014
184008
183903
183833
183803
183797
183773
183551
183545
183533
183509
183435
183303
183300
183285
183250
183211
183043
182912
182879
182861
182752
182577
182571
182538
182492
182489
182391
182385
182185
182033
182015
181884
181877
181808
181753
181735
181689
181547
181541
181535
181520
181490
181484
181481
181466
181451
181445
181382
181324
181247
181244
181129
181117
181078
180990
180955
180903
180867
180739
180427
180395
180344
180222
179846
179489
179350
179337
179318
179288
178734
178442
178439
177707
177704
177422
177405
177355
177354
177313
177279
177276
177258
177216
176964
176960
176945
176770
176734
176610
176592
176567
176530
176500
176451
176244
175037
175007
174976
174958
174952
174842
174752
174686
174643
174624
174621
174618
174615
174612
174609
174606
174603
174600
174597
174594
174591
174549
174451
174448
174445
174442
174439
174056
173181
173175
173172
173160
173091
173067
172859
172834
172828
172595
172586
172563
172534
172531
172512
172498
172492
172489
172459
172383
172242
172189
172177
172138
171969
171801
171760
171754
171732
171728
171658
171634
171553
171544
171541
171538
171535
171532
171526
171478
171415
171381
171333
171299
171189
171166
171130
171090
170987
170950
170911
170902
170896
170855
170854
170797
170788
170758
170722
170037
169990
169931
169924
169918
169915
169912
169909
169906
169298
169289
169283
169265
169068
169026
168939
168898
168845
168824
168812
168809
168797
168768
168760
168740
168688
168640
168590
168584
168581
168498
168470
168303
168258
168234
167791
167672
167660
167648
167619
167555
167539
167511
167484
167436
167427
167358
167354
166908
166725
166673
166651
166589
166572
166544
166532
166480
166346
166246
166228
166164
166006
165994
165940
165919
165858
165755
165733
165699
165678
165549
165516
165493
165472
165410
165404
165381
165372
165347
165210
165184
165145
165089
164990
164984
164981
164971
164958
164952
164865
164848
164842
164817
164750
164706
164638
164592
164586
164516
164483
164461
164459
164343
164275
164098
164092
164063
164057
164044
163990
163977
163974
163910
163904
163862
163859
163841
163787
163715
163644
163344
163271
163262
163241
163232
163217
162995
162765
162732
162635
162243
162233
162209
161920
161643
161227
161032
160997
160991
160826
160793
160726
160714
160237
160046
160005
159999
159998
159933
159843
159828
159816
159761
159695
159656
159650
159563
159524
159494
159476
159407
159404
159108
159105
159093
159087
159078
159069
159048
158966
158948
158939
158907
158856
158843
158828
158801
158770
158655
158503
158265
158223
158120
158049
157907
157901
157812
157782
157694
157691
157589
157576
157522
157510
157444
157303
157282
157210
157183
157153
157102
156997
156968
156921
156905
156559
156535
156463
156460
156454
156447
156365
156341
156310
156298
156280
155986
155680
155420
155375
155285
155201
155102
155099
154960
154703
154621
154606
154493
154422
154409
154360
154292
154230
154135
154080
154037
153906
153882
153278
153201
153186
153115
153112
153054
152699
152582
152534
152520
152462
152437
152419
152290
152224
152163
152128
152127
152109
151989
151940
151927
151924
151909
151900
151804
151564
151515
151444
151418
151406
151400
151372
151333
151266
151218
151215
151200
151133
151130
151127
151124
151121
151097
151020
151011
150985
150976
150964
150882
150442
150439
150424
150258
150117
150112
150108
150099
150019
149875
149809
149805
149796
149691
149519
149467
149371
149353
149347
149306
149189
149029
148980
148843
148819
148770
148731
148674
148659
148617
148569
148486
148471
148347
148236
147998
147969
147933
147930
147921
147894
147863
147786
147735
147567
147475
147305
147201
147116
147107
147095
147083
147077
147033
147024
146903
146554
146542
146482
146386
146362
146281
146216
146210
146150
146134
146107
146031
146022
145980
145959
145899
145854
145830
145578
145453
145371
145356
145353
145254
145151
145130
145074
145068
145065
145028
144953
144879
144870
144610
144489
144423
144375
144306
144300
144291
144279
144246
144211
144202
144104
143945
143927
143921
143881
143861
143849
143775
143745
143497
143478
143378
143324
143303
143281
143164
143083
143038
142993
142816
142803
142797
142640
142637
142595
142552
142512
142235
142042
142024
141963
141957
141945
141942
141853
141807
141786
141759
141745
141736
141611
141536
141447
141211
141178
141139
141136
141079
141039
140838
140819
140653
140650
140626
140594
140591
140531
140500
140410
140308
140243
140240
140032
140023
139942
139885
139863
139850
139796
139776
139719
139689
139600
139581
139578
139575
139554
139539
139530
139504
139471
139465
139432
139371
139320
139284
139269
139230
139221
139203
139130
138930
138852
138639
138554
138472
138424
138412
138396
138346
138285
138282
138093
138087
137756
137679
137656
137602
137443
137413
137410
137317
137304
137291
137206
137098
137086
137028
136971
136968
136884
136881
136813
136673
136520
136509
136506
136503
136500
136497
136494
136491
136488
136485
136482
136479
136476
136473
136470
136467
136464
136461
136458
136455
136452
136449
136444
136441
136438
136435
136432
136426
136423
136376
136373
136346
136343
136322
136301
136136
136123
136090
135900
135781
135508
135505
135502
135466
135421
135383
135367
135346
135262
135253
135238
135235
135211
135193
135145
135115
134879
134796
134582
134579
134504
134369
134317
134283
134268
134232
134199
134172
134169
134145
134142
134020
134014
133972
133966
133938
133704
133653
133650
133647
133635
133629
133607
133601
133592
133586
133583
133516
133506
133485
133470
133422
133404
133379
133368
133359
133305
133287
133266
133055
133037
133031
133014
132533
132387
132384
132375
132329
132193
132190
131981
131945
131939
131822
131795
131792
131719
131677
131612
131609
131603
131591
131563
131474
131241
131229
131216
131183
131180
131177
131069
131006
130985
130945
130923
130917
130780
130708
130690
130643
130286
130280
130208
130193
130145
130139
130136
130046
129816
129783
129780
129735
129711
129708
129705
129702
129699
129696
129693
129690
129687
129684
129681
129678
129675
129672
129669
129666
129663
129660
129657
129654
129651
129648
129645
129642
129639
129636
129633
129630
129609
129597
129555
129546
129522
129513
129510
129484
129447
129390
129354
128996
128978
128969
128874
128868
128856
128847
128461
128425
128383
128377
128367
128335
128255
128252
128249
128221
128134
128131
128128
128125
128011
127969
127952
127907
127868
127859
127823
127642
127631
127597
127559
127552
127515
127503
127482
127442
127417
127414
127408
127402
127385
127366
127350
127267
127237
127213
127125
127088
127065
127028
127006
126974
126968
126812
126746
126700
126664
126435
126291
126254
126191
126186
126185
126178
126052
126040
126028
126005
125977
125890
125861
125860
125759
125741
125576
125487
125415
125406
125400
125316
125302
125197
125191
125185
125058
125052
125046
125007
124956
124908
124855
124850
124847
124830
124827
124757
124739
124630
124627
124624
124621
124618
124615
124612
124609
124606
124603
124600
124556
124553
124550
124547
124544
124541
124538
124535
124532
124529
124526
124523
124520
124517
124514
124511
124508
124505
124502
124499
124483
124451
124382
124376
124367
124142
124136
124112
124065
123814
123742
123708
123683
123668
123661
123640
123637
123580
123539
123516
123448
123447
123443
123423
123360
123267
123243
123194
123089
123017
122125
122092
122080
121564
121555
121499
121495
121333
121309
121143
121140
121115
121074
121059
121032
120985
120967
120874
120829
120826
120817
120777
120771
120732
120729
120274
120214
120208
120078
119997
119804
119792
119725
119704
119692
119641
119620
119607
119459
119447
119435
119286
119277
119202
119166
119097
119046
118978
118878
118759
118727
118648
118641
118629
118620
118610
118601
118595
118517
118480
118420
118406
118370
118364
118349
118346
117944
117933
117895
117829
117720
117630
117529
117484
117431
117191
117121
117063
117041
116971
116935
116857
116747
116711
116677
116623
116593
116581
116572
116365
116328
116325
116300
116185
116168
116070
116016
115950
115914
115903
115858
115822
115759
115756
115732
115729
115711
115687
115551
115550
115549
115528
115480
115441
115159
115153
115122
115115
115086
115071
115052
115043
115027
115004
114928
114866
114863
114821
114815
114767
114761
114750
114582
114531
114415
114379
114286
114181
114126
114072
114034
114007
113983
113948
113824
113803
113746
113728
113724
113721
113718
113715
113704
113566
113565
113493
113436
113176
113173
113102
113092
113027
113018
113012
112987
112975
112974
112973
112972
112971
112969
112968
112967
112966
112932
112901
112885
112881
112876
112863
112824
112757
112728
112692
112631
112612
112566
112515
112479
112453
112420
112314
112305
112290
112275
112212
112176
112164
112152
112136
111836
111818
111648
111461
111458
111381
111262
111235
111119
111116
110906
110905
110651
110627
110621
110601
110595
110513
110393
110329
110299
110239
110135
110054
110039
109945
109861
109849
109828
109502
109275
109263
109247
109229
109105
109048
109039
109033
109015
108977
108953
108812
108638
108630
108323
108298
108150
107514
107513
107131
107122
107050
107030
107023
106792
106654
106533
106344
106341
106318
106249
106153
106090
106078
106060
105970
105775
105739
105607
105604
105595
105521
105518
105478
105234
105231
105225
105219
105182
105178
105160
104843
104792
104763
104753
104545
104497
104464
104396
104381
104244
104138
104066
103954
103919
103901
103845
103835
103815
103780
103758
103748
103742
103701
103402
103345
103335
103143
102915
102909
102792
102687
102681
102678
102613
102611
102576
102507
102501
102487
102440
102437
102343
102339
102196
102193
102184
102163
102160
102154
102148
102142
102046
102040
101993
101990
101954
101951
101944
101918
101863
101860
101806
101780
101736
101684
101618
101587
101518
101443
101384
101359
101304
101298
101283
101246
101239
101204
101105
101057
100882
100798
100770
100720
100690
100651
100648
100642
100578
100470
100303
100299
100283
100259
100211
100174
100123
100012
99950
99920
99873
99815
99804
99786
99687
99678
99618
99589
99585
99581
99574
99570
99566
99562
99523
99511
99489
99420
99381
99355
99346
99303
99282
99276
99111
99099
99075
98942
98907
98892
98874
98859
98853
98781
98762
98759
98741
98731
98633
98632
98623
98620
98543
98518
98512
98473
98422
98379
98370
98358
98340
98289
98237
98234
98219
98204
98164
98146
98028
97988
97782
97761
97678
97672
97621
97595
97534
97446
97442
97348
97342
97297
97086
97080
97001
96776
96744
96684
96496
96339
96294
96279
96276
96255
96252
96240
96234
96202
96141
96129
96099
96069
96051
96030
95792
95704
95597
95501
95425
95418
95395
95268
95262
95054
95036
94927
94870
94768
94740
94694
94679
94673
94624
94583
94570
94561
94549
94450
94280
94207
94190
94071
93998
93913
93907
93889
93886
93809
93762
93685
93651
93621
93576
93558
93484
93467
93463
93448
93184
93102
93087
93062
92954
92951
92902
92851
92845
92576
92572
92470
92446
92375
92336
92312
92258
92253
92202
92154
92042
91933
91906
91903
91867
91814
91787
91784
91765
91762
91753
91330
91314
91306
91255
91252
91243
91234
91032
90975
90960
90908
90853
90841
90823
90728
90698
90665
90659
90646
90631
90546
90540
90427
90409
90217
90118
90091
90037
89990
89987
89951
89886
89883
89870
89852
89655
89652
89634
89607
89490
89389
89107
88983
88931
88859
88807
88757
88737
88417
88405
88399
88254
88162
88069
87973
87910
87797
87707
87628
87468
87464
87424
87178
86965
86917
86858
86855
86781
86682
86661
86619
86613
86559
86323
86261
86258
86218
86200
86116
86101
86092
85768
85649
85376
84986
84912
84836
84435
84308
84262
84032
84020
83946
83943
83836
83760
83757
83618
83573
83320
83201
83061
82994
82928
82918
82891
82842
82638
82581
82424
82403
82329
82289
82184
82086
81951
81872
81842
81812
81771
81638
81561
81505
81413
81410
81325
81137
81134
81065
81023
80896
80871
80826
80682
80623
80616
80594
80383
80345
80293
80284
80271
80243
80199
80122
79653
79617
79418
79415
79366
79360
79330
79113
79098
78834
78767
78732
78713
78592
78486
78467
78408
78252
78237
78224
78206
77673
77637
77627
77518
77448
77445
77444
77361
77266
77191
77123
77056
77004
77001
76958
76813
76789
76776
76600
76571
76556
76373
76345
76287
76284
76274
76261
76157
76042
76039
75931
75889
75808
75789
75784
75781
75648
75585
75582
75559
75505
75484
75440
75416
75387
75379
75316
75192
75189
75178
75175
75021
75018
75012
74989
74984
74938
74851
74758
74755
74706
74690
74571
74507
74180
74164
74144
74125
74017
74014
73875
73851
73627
73599
73545
73529
73504
73379
73219
73163
73126
73076
73044
72990
72959
72858
72793
72785
72776
72766
72676
72607
72538
72447
72429
72328
72261
72223
72217
72184
72072
72039
72029
71848
71761
71746
71585
71572
71553
71523
71500
71433
71422
71296
71284
71266
71209
71196
71165
71012
71001
70992
70962
70903
70697
70669
70597
70518
70450
70448
70446
70444
70442
70440
70319
70302
70287
70277
70161
70066
70039
69950
69820
69802
69761
69716
69602
69578
69565
69530
69497
69494
69409
69320
69292
69224
69114
68987
68984
68966
68912
68844
68726
68721
68720
68699
68656
68547
68530
68512
68504
68459
68437
68409
68338
68335
68302
68255
68160
67959
67951
67865
67759
67756
67367
67298
67166
67111
67102
67081
66907
66538
66507
66485
66435
66424
66407
66366
66331
66318
66244
66206
65984
65943
65888
65879
65864
65818
65811
65770
65638
65635
65445
65413
65358
65290
65110
65086
65036
65013
64995
64992
64989
64986
64983
64980
64977
64974
64971
64968
64965
64920
64844
64841
64838
64835
64832
64829
64826
64823
64820
64787
64642
64579
64514
64487
64424
64316
64216
64160
64090
63925
63922
63822
63788
63533
63370
63207
63154
63139
63082
63073
63025
62965
62871
62828
62822
62755
62681
62641
62626
62582
62505
62470
62450
62424
62313
62310
62307
62304
62301
62298
62217
62193
62185
62117
61897
61884
61848
61841
61770
61625
61527
61406
61250
61166
61126
61085
61048
60985
60982
60975
60938
60888
60882
60796
60790
60764
60721
60566
60542
60514
60499
60490
60387
60282
60208
60177
60174
60134
60078
60061
60018
59977
59963
59954
59951
59915
59884
59851
59771
59768
59765
59683
59645
59514
59490
59373
59361
59162
59090
59073
58938
58745
58576
58549
58488
58391
58388
58385
58348
58212
58115
57825
57792
57783
57740
57688
57532
57447
57438
57405
57394
57369
57366
57299
57296
57272
57251
57234
57154
57106
57034
56960
56916
56882
56865
56835
56818
56745
56656
56458
56420
56364
56235
56231
56177
56147
56141
56128
56067
56058
56050
56030
55943
55831
55824
55724
55694
55595
55553
55515
55398
55339
55253
55243
55235
55223
55139
55134
55065
54938
54903
54791
54717
54637
54610
54587
54508
54352
54284
54244
53859
53812
53643
53602
53599
53453
53452
53451
53329
53281
53194
53153
53128
53069
52883
52869
52819
52812
52793
52718
52667
52656
52631
52583
52461
52358
52357
52353
52320
52302
52178
52150
52119
52111
52096
51800
51745
51692
51336
51322
51288
51063
51060
50873
50871
50869
50867
50865
50863
50861
50812
50724
50705
50602
50544
50539
50527
50511
50506
50456
50430
50365
50343
50323
50160
50157
50080
49944
49768
49603
49597
49591
49542
49528
49506
49467
49410
49355
49315
49206
49168
49162
49105
49027
49026
49005
48959
48958
48922
48900
48848
48830
48768
48727
48709
48660
48589
48581
48558
48431
48328
48322
48310
48307
48156
48096
47904
47903
47767
47741
47709
47576
47514
47487
47337
47321
47277
47267
47245
47219
47182
47131
47066
47052
47046
46948
46876
46682
46515
46388
46049
45952
45800
45767
45705
45585
45307
45304
45217
45214
45199
45187
45159
45117
45074
45071
45063
45049
45028
44899
44778
44483
44109
44008
43996
43968
43953
43748
43716
43681
43316
43313
43301
42691
42583
42489
41612
41521
41476
40838
40796
40781
40766
40727
38971
38085
36804
36561
36515
36473
35878
35063
34870
34295
33336
33333
32287
32257
31606
31035
30801
30798
30722
30471
30123
21493
21492
21491
21489
21488
21484
21483
21481
21480
21477
21476
21474
21471
21467
21466
21465
21464
21463
21461
21460
21459
21458
21456
21455
21454
21453
21452
21451
21449
21448
21447
21445
21444
21443
21441
21440
21439
21437
21436
21435
21434
21432
21431
21426
21425
21424
21422
21421
21420
21419
21417
21414
21413
21412
21409
21408
21407
21406
21405
21403
21402
21401
21400
21398
21397
21396
21394
21393
21390
21389
21388
21387
21386
21385
21384
21383
21382
21381
21380
21379
21378
21377
21374
21373
21372
21371
21370
21369
21368
21367
21366
21365
21363
21360
21356
21355
21354
21351
21347
21346
21345
21342
21339
21337
21334
21333
21332
21331
21330
21328
21327
21325
21322
21321
21319
21318
21317
21316
21315
21313
21312
21309
21307
21306
21305
21304
21301
21299
21295
21292
21291
21289
21288
21287
21286
21285
21284
21282
21281
21280
21279
21278
21276
21275
21274
21272
21271
21270
21269
21268
21267
21266
21264
21263
21262
21261
21260
21259
21258
21257
21256
21255
21254
21253
21252
21251
21250
21249
21248
21247
21246
21245
21244
21243
21242
21241
21239
21238
21237
21236
21234
21233
21231
21229
21227
21226
21225
21223
21222
21221
21220
21219
21218
21217
21216
21214
21213
21212
21211
21210
21209
21208
21207
21206
21204
21203
21202
21201
21200
21199
21196
21194
21193
21191
21189
21188
21187
21186
21184
21183
21182
21181
21179
21178
21177
21176
21175
21174
21173
21172
21171
21170
21169
21168
21166
21163
21162
21161
21160
21159
21158
21157
21156
21155
21154
21153
21152
21151
21150
21149
21148
21147
21146
21145
21144
21143
21142
21141
21140
21139
21138
21137
21136
21135
21134
21133
21132
21131
21130
21129
21128
21127
21126
21125
21124
21123
21122
21121
21120
21119
21118
21115
21114
21113
21110
21109
21108
21107
21106
21105
21104
21103
21102
21101
21100
21099
21098
21097
21095
21094
21093
21092
21091
21090
21089
21088
21087
21086
21085
21084
21083
21082
21081
21080
21079
21078
21077
21076
21075
21074
21073
21072
21071
21070
21069
21068
21067
21066
21064
21063
21062
21061
21060
21059
21058
21057
21055
21054
21053
21052
21051
21050
21049
21048
21047
21046
21045
21044
21043
21042
21041
21040
21038
21034
21033
21032
21031
21030
21029
21028
21027
21026
21025
21023
21022
21021
21020
21019
21018
21017
21016
21015
21014
21013
21012
21011
21010
21009
21008
21007
21005
21004
21003
21002
21001
21000
20999
20998
20997
20996
20995
20994
20993
20992
20991
20990
20989
20988
20987
20986
20985
20984
20983
20982
20981
20979
20978
20977
20975
20973
20972
20971
20970
20969
20968
20967
20966
20965
20964
20963
20962
20961
20960
20959
20958
20957
20954
20953
20952
20951
20950
20949
20948
20947
20946
20945
20944
20943
20942
20940
20939
20938
20937
20936
20935
20934
20933
20932
20931
20930
20929
20928
20927
20926
20925
20924
20923
20922
20921
20920
20918
20917
20916
20915
20914
20913
20912
20911
20910
20909
20908
20907
20906
20905
20904
20903
20902
20901
20900
20899
20898
20897
20896
20895
20894
20893
20892
20891
20890
20889
20888
20887
20886
20885
20884
20883
20882
20881
20880
20879
20878
20877
20876
20874
20873
20872
20871
20870
20869
20868
20867
20866
20865
20864
20863
20862
20861
20860
20859
20858
20857
20856
20855
20854
20853
20852
20851
20850
20849
20848
20847
20846
20845
20844
20843
20842
20841
20840
20839
20838
20837
20836
20835
20834
20833
20832
20831
20830
20829
20828
20827
20826
20825
20824
20823
20822
20821
20820
20819
20818
20817
20816
20815
20814
20813
20812
20811
20810
20809
20808
20807
20806
20805
20804
20803
20802
20801
20800
20799
20798
20797
20796
20795
20794
20793
20792
20791
20790
20788
20787
20786
20785
20784
20782
20781
20780
20779
20778
20777
20776
20775
20774
20773
20772
20771
20770
20769
20768
20767
20765
20761
20760
20759
20758
20757
20756
20755
20754
20753
20751
20750
20749
20748
20747
20746
20745
20744
20743
20742
20741
20740
20739
20738
20737
20736
20735
20734
20733
20732
20731
20730
20729
20728
20727
20726
20725
20724
20723
20722
20721
20720
20719
20718
20717
20716
20715
20714
20713
20712
20711
20710
20709
20708
20707
20706
20705
20704
20703
20702
20701
20700
20699
20698
20697
20696
20695
20694
20693
20692
20691
20690
20689
20688
20687
20686
20685
20684
20683
20682
20681
20680
20679
20678
20677
20676
20675
20674
20673
20672
20671
20670
20669
20668
20667
20666
20665
20664
20663
20662
20661
20660
20659
20658
20657
20656
20655
20654
20653
20652
20651
20650
20649
20648
20647
20646
20645
20644
20643
20642
20641
20640
20639
20638
20637
20636
20635
20634
20633
20632
20631
20630
20629
20628
20627
20626
20625
20624
20623
20622
20621
20620
20619
20618
20617
20616
20615
20614
20613
20612
20611
20610
20609
20608
20607
20606
20605
20604
20603
20602
20601
20600
20599
20598
20597
20596
20595
20594
20593
20592
20591
20590
20589
20588
20587
20586
20585
20584
20583
20582
20581
20580
20579
20578
20577
20576
20575
20574
20573
20572
20571
20570
20569
20568
20567
20566
20565
20564
20563
20562
20561
20560
20559
20558
20557
20556
20555
20554
20553
20552
20551
20550
20549
20548
20547
20546
20545
20544
20543
20542
20541
20540
20539
20538
20537
20536
20535
20534
20533
20532
20531
20530
20529
20528
20527
20526
20525
20524
20523
20522
20521
20520
20519
20518
20517
20516
20515
20514
20513
20512
20511
20510
20509
20508
20507
20506
20505
20504
20503
20502
20501
20500
20499
20498
20497
20496
20495
20494
20493
20492
20491
20490
20489
20488
20487
20486
20485
20484
20483
20482
20481
20480
20479
20478
20477
20476
20475
20474
20473
20472
20471
20470
20469
20468
20467
20466
20465
20464
20463
20462
20461
20460
20459
20458
20457
20456
20455
20454
20453
20452
20451
20450
20449
20448
20447
20446
20445
20444
20443
20442
20441
20440
20439
20438
20437
20436
20435
20434
20433
20432
20431
20430
20429
20428
20427
20426
20425
20424
20423
20422
20421
20420
20419
20418
20417
20416
20415
20414
20413
20412
20411
20410
20409
20408
20407
20406
20405
20404
20403
20402
20401
20400
20399
20398
20397
20396
20395
20394
20393
20392
20391
20390
20389
20388
20387
20386
20385
20384
20383
20382
20381
20380
20379
20378
20377
20376
20375
20374
20373
20372
20371
20370
20369
20368
20367
20366
20365
20364
20363
20362
20361
20360
20359
20358
20357
20356
20355
20354
20353
20352
20351
20350
20349
20348
20347
20346
20345
20344
20343
20342
20341
20340
20339
20338
20337
20336
20335
20334
20333
20332
20331
20330
20329
20328
20327
20326
20325
20324
20323
20322
20321
20320
20319
20318
20317
20316
20315
20314
20313
20312
20311
20310
20309
20308
20307
20306
20305
20304
20303
20302
20301
20300
20299
20298
20297
20296
20295
20294
20293
20292
20291
20290
20289
20288
20287
20286
20285
20284
20283
20282
20281
20280
20279
20278
20277
20276
20275
20274
20273
20272
20271
20270
20269
20268
20267
20266
20265
20264
20263
20262
20261
20260
20259
20258
20257
20256
20255
20254
20253
20252
20251
20250
20249
20248
20247
20246
20245
20244
20243
20242
20241
20240
20239
20238
20237
20236
20235
20234
20233
20232
20231
20230
20229
20228
20227
20226
20225
20224
20223
20222
20221
20220
20219
20218
20217
20216
20215
20214
20213
20212
20211
20210
20209
20208
20207
20206
20205
20204
20203
20202
20201
20200
20199
20198
20197
20196
20195
20194
20193
20192
20191
20190
20189
20188
20187
20186
20185
20184
20183
20182
20181
20180
20179
20178
20177
20176
20175
20174
20173
20172
20171
20170
20169
20168
20167
20166
20165
20164
20163
20162
20161
20160
20159
20158
20157
20156
20155
20154
20153
20152
20151
20150
20149
20148
20147
20146
20145
20144
20143
20142
20141
20140
20139
20138
20137
20136
20135
20134
20133
20132
20131
20130
20129
20128
20127
20126
20125
20124
20123
20122
20121
20120
20119
20118
20117
20116
20115
20114
20113
20112
20111
20110
20109
20108
20107
20106
20105
20104
20103
20102
20101
20100
20099
20098
20097
20096
20095
20094
20093
20092
20091
20090
20089
20088
20087
20086
20085
20084
20083
20082
20081
20080
20079
20078
20077
20076
20075
20074
20073
20072
20071
20070
20069
20068
20067
20066
20065
20064
20063
20062
20061
20060
20059
20058
20057
20056
20055
20054
20053
20052
20051
20050
20049
20048
20047
20046
20045
20044
20043
20042
20041
20040
20039
20038
20037
20036
20035
20034
20033
20032
20031
20030
20029
20028
20027
20026
20025
20024
20023
20022
20021
20020
20019
20018
20017
20016
20015
20014
20013
20012
20011
20010
20009
20008
20007
20006
20005
20004
20003
20002
20001
20000
13437
13261
12276
